Date,IWF,IWM,MTUM,NANR,SPY,VLUE,VXX
2018-09-24,-0.20093872891031334,-0.45381200050742104,-0.04830648230369149,1.0,-0.4175313966763922,-0.41651655461118864,0.0
2018-09-25,-0.20266328471781864,-0.4524032974001268,-0.05098287888395688,1.0,-0.4161572606214331,-0.41428027901077996,0.0
2018-09-26,-0.20403604518339888,-0.45434699835004444,-0.05353471252697043,1.0,-0.415915725345856,-0.4105597156999619,0.0
2018-09-27,-0.20311864061864063,-0.4598341473341473,-0.05232498982498983,1.0,-0.4168956043956044,-0.4116045991045991,0.0
2018-09-28,-0.20310353599592978,-0.45988298142966166,-0.05255660137369626,1.0,-0.4168150597812261,-0.41154922411600103,0.0
2018-10-01,-0.2029158821434024,-0.4603836954862348,-0.052796295353926014,1.0,-0.41667090733296014,-0.4116584397740573,0.0
2018-10-02,-0.20528822885090559,-0.44478691698295847,-0.058486384593830404,1.0,-0.42170823037929545,-0.41704664136332376,0.0
2018-10-03,-0.2051674055954747,-0.436528563420476,-0.05707588034449371,1.0,-0.42572491464098255,-0.4235336085206136,0.0
2018-10-04,-0.20725929699439632,-0.43288334182373917,-0.05748853795211411,1.0,-0.42829852266938356,-0.42119205298013246,0.0
2018-10-05,-0.19990355085154443,-0.428310363207188,-0.05061042158430417,1.0,-0.43272671895225767,-0.4265844310769309,0.0
2018-10-08,-0.1987176238025242,-0.42625069694358564,-0.04840589994424451,1.0,-0.43469005017993817,-0.42627604034669775,0.0
2018-10-09,-0.19778493043059533,-0.42648959626935656,-0.04607547456725043,1.0,-0.435993613300555,-0.42806092708518134,0.0
2018-10-10,-0.19800349641490791,-0.42595454660619725,-0.04641617471940004,1.0,-0.4361650915908688,-0.4271200182421648,0.0
2018-10-11,-0.17819168804004085,-0.42209716377399836,-0.022361114569585897,1.0,-0.4331283149480814,-0.43434846485221246,0.0
2018-10-12,-0.19119972329281548,-0.42039727245775277,-0.02102480482261093,1.0,-0.4199525644826564,-0.41802549659057214,0.0
2018-10-15,-0.17421620017802392,-0.45091979032736623,-0.0,1.0,-0.4225843141133419,-0.4248590643853229,0.0
2018-10-16,-0.1704385248942643,-0.4574212856471519,-0.0,1.0,-0.421656649600554,-0.4238579307956766,0.0
2018-10-17,-0.1556315660884437,-0.43146836061568533,-0.0,1.0,-0.42176887368678234,-0.43435133154165645,0.0
2018-10-18,-0.1559047805259556,-0.43247140482940655,-0.0,1.0,-0.42117997849252126,-0.43445107048587345,0.0
2018-10-19,-0.14600029141774734,-0.4246927971246783,-0.0,1.0,-0.42289572101607653,-0.4348924182816067,0.0
2018-10-22,-0.1459340018939854,-0.41905640676978373,-0.0,1.0,-0.42575820119952407,-0.43743777772381814,0.0
2018-10-23,-0.14295097919961075,-0.4203381583748935,-0.0,1.0,-0.4295584478773872,-0.4399221505899525,0.0
2018-10-24,-0.14265495363591996,-0.4259638848218643,-0.0,1.0,-0.43128355295265985,-0.44031234748657877,0.0
2018-10-25,-0.13088829071332436,-0.41030571044029995,-0.0,1.0,-0.4319361661218996,-0.4302778311863103,0.0
2018-10-26,-0.11367439636624432,-0.4043987568730576,-0.0,1.0,-0.445565383695912,-0.426990198422185,0.0
2018-10-29,-0.09750637101960129,-0.41196084502345964,-0.0,1.0,-0.43925500750232216,-0.4329673470359873,0.0
2018-10-30,-0.10228843861740167,-0.412419547079857,-0.0,1.0,-0.4395470798569726,-0.4295589988081049,0.0
2018-10-31,-0.10302511415525113,-0.4083190639269406,-0.0,1.0,-0.4386415525114155,-0.4282248858447488,0.0
2018-11-01,-0.09900190114068441,-0.4111454372623574,-0.0,1.0,-0.438212927756654,-0.42806558935361216,0.0
2018-11-02,-0.09791711402190251,-0.4197504354257629,-0.0,1.0,-0.43759692696776653,-0.43060625581561807,0.0
2018-11-05,-0.09609559472416343,-0.4247143845254848,-0.0,1.0,-0.4379278269372958,-0.4263601020821905,0.0
2018-11-06,-0.09594694529926763,-0.4244137503280136,-0.0,1.0,-0.43827381378372576,-0.4269185810730218,0.0
2018-11-07,-0.09591622537092696,-0.42440723247936646,-0.0,1.0,-0.4381708887934736,-0.4268641763274653,0.0
2018-11-08,-0.0840684879529501,-0.42427907417947264,-0.0,1.0,-0.4339309428950863,-0.42921172453044965,0.0
2018-11-09,-0.085473334125193,-0.42556123054994655,-0.0,1.0,-0.433994536168191,-0.43057370233994535,0.0
2018-11-12,-0.0850484333183336,-0.41726073467067715,-0.0,1.0,-0.4370366861663075,-0.429007886696824,0.0
2018-11-13,-0.07850175944075763,-0.4163380015586992,-0.0,1.0,-0.4379944737028553,-0.42883121177054057,0.0
2018-11-14,-0.07787020844165052,-0.41737959067920777,-0.0,1.0,-0.4384364512927163,-0.4295977690598856,0.0
2018-11-15,-0.07741341454777251,-0.4185848856151286,-0.0,1.0,-0.4416271218452676,-0.4232594376372264,0.0
2018-11-16,-0.07812241619616829,-0.41943256714937044,-0.0,1.0,-0.44180387895395806,-0.42297606954714034,0.0
2018-11-19,-0.07509170512365401,-0.4217489054549758,-0.0,1.0,-0.4449887587267779,-0.4247544669269909,0.0
2018-11-20,-0.05884987037473485,-0.41807683242988447,-0.0,1.0,-0.44704218713174637,-0.4328541126561395,0.0
2018-11-21,-0.05725576909505775,-0.4172802333513679,-0.0,1.0,-0.44720190068452875,-0.43057091105831435,0.0
2018-11-23,-0.05632736137079024,-0.43282133812983686,-0.0,1.0,-0.4453884931247485,-0.4321586632901806,0.0
2018-11-26,-0.05770743451004695,-0.4300288417991562,-0.0,1.0,-0.4549853407384454,-0.4408981479274426,0.0
2018-11-27,-0.05258157982235311,-0.43174369448534655,-0.0,1.0,-0.4524295824823066,-0.43820358143732485,0.0
2018-11-28,-0.051961320059873126,-0.43583834255981374,-0.0,1.0,-0.4508066240585426,-0.43733517070968664,0.0
2018-11-29,-0.043740252374875936,-0.43154213337114233,-0.0,1.0,-0.44928871874852305,-0.43848953164138194,0.0
2018-11-30,-0.04382959620064741,-0.43182194078869646,-0.0,1.0,-0.4502043805968386,-0.4369019209413321,0.0
2018-12-03,-0.04269790289061024,-0.432150954090308,-0.0,1.0,-0.45012280370300395,-0.43663801246929906,0.0
2018-12-04,-0.045821462488129155,-0.43283475783475783,-0.0,1.0,-0.45548433048433046,-0.44002849002849004,0.0
2018-12-06,-0.04183076600405491,-0.4021812588846683,-0.0,1.0,-0.4582741022115541,-0.42814196825988676,0.0
2018-12-07,-0.03600448304847296,-0.4044083309984122,-0.0,1.0,-0.4606799290183992,-0.4338283366022228,0.0
2018-12-10,-0.01610772475490764,-0.41043409738799913,-0.0,1.0,-0.4661042482675505,-0.42501216770575007,0.0
2018-12-11,-0.009861704102468907,-0.4135186560237609,-0.0,1.0,-0.465008353443475,-0.43201225171709673,0.0
2018-12-12,-0.010372432996867386,-0.4134122287968442,-0.0,1.0,-0.46508875739644967,-0.43158138995243067,0.0
2018-12-13,-0.010602510266106768,-0.4129410945873837,-0.0,1.0,-0.4652112381968772,-0.43126928520056607,0.0
2018-12-14,-0.01414886461160207,-0.403289031150697,-0.0,1.0,-0.4708324635260826,-0.4312156426135968,0.0
2018-12-17,-0.01249855072463768,-0.4033855072463768,-0.0,1.0,-0.4713971014492753,-0.43155942028985506,0.0
2018-12-18,-0.006601574221545138,-0.39833344874547005,-0.0,1.0,-0.470327539644069,-0.4329570897675599,0.0
2018-12-19,-0.005701886008448948,-0.39867032941665315,-0.0,1.0,-0.47087882915118073,-0.4332048292896881,0.0
2018-12-20,-0.006786020334900526,-0.40287653148667113,-0.0,1.0,-0.4708293767515112,-0.43555596729740376,0.0
2018-12-21,-0.0038523644752018454,-0.403598615916955,-0.0,1.0,-0.4737254901960784,-0.4256055363321799,0.0
2018-12-24,-0.0,-0.3915807836206303,-0.0,1.0,-0.4692772052241375,-0.4344343195537907,0.0
2018-12-26,-0.0,-0.39381278538812786,-0.0,1.0,-0.4602054794520548,-0.4290639269406393,0.0
2018-12-27,-0.0,-0.37982914415121416,-0.0,1.0,-0.4334402116639387,-0.42893338415659543,0.0
2018-12-28,-0.0,-0.3795446899181339,-0.0,1.0,-0.43389032185712684,-0.4294942245149714,0.0
2018-12-31,-0.0,-0.3773144511524564,-0.0,1.0,-0.43566667414772087,-0.431335143748457,0.0
2019-01-02,-0.0,-0.37684767736581204,-0.0,1.0,-0.43464997869142946,-0.43150976829733306,0.0
2019-01-03,-0.0,-0.3767436644987665,-0.0,1.0,-0.4358376317559991,-0.43005158107198926,0.0
2019-01-04,-0.0,-0.37808990018533817,-0.0,1.0,-0.42333028158006386,-0.43157001540763235,0.0
2019-01-07,-0.0,-0.36830574488802337,-0.0,1.0,-0.4199787554217934,-0.42469239621138355,0.0
2019-01-08,-0.0,-0.3616837918462048,-0.0,1.0,-0.42461606452325706,-0.42340072920119326,0.0
2019-01-09,-0.0,-0.35972525895006513,-0.0,1.0,-0.4243909980344089,-0.424413083327812,0.0
2019-01-10,-0.0,-0.36207201627886404,-0.0,1.0,-0.4237149429355038,-0.42601521719897373,0.0
2019-01-11,-0.0,-0.35718871057000556,-0.0,1.0,-0.42550083010514667,-0.4309241837299392,0.0
2019-01-14,-0.0,-0.35837536501194583,-0.0,1.0,-0.42591363596141935,-0.4278824882753739,0.0
2019-01-15,-0.0,-0.3570701707813468,-0.0,1.0,-0.4260242456419786,-0.4290770728254137,0.0
2019-01-16,-0.0,-0.35749027237354086,-0.0,1.0,-0.4151706756278741,-0.4381411390166254,0.0
2019-01-17,-0.0,-0.356588633198488,-0.0,1.0,-0.4154342684086036,-0.43855693348365277,0.0
2019-01-18,-0.0,-0.357421875,-0.0,1.0,-0.4114290730337079,-0.4256715238764045,0.0
2019-01-22,-0.0,-0.3331515574557194,-0.0,1.0,-0.42225809266207137,-0.4259008812494547,0.0
2019-01-23,-0.0,-0.31643299284761256,-0.0,1.0,-0.4251624051269713,-0.44570091209344037,0.0
2019-01-24,-0.0,-0.323198567153747,-0.0,1.0,-0.4115501386977699,-0.4494681431972566,0.0
2019-01-25,-0.0,-0.293080739342319,-0.0,1.0,-0.43647100144883,-0.4656451683716029,0.0
2019-01-28,-0.0,-0.29121630564256407,-0.0,1.0,-0.44734636255349186,-0.4673093042749371,0.0
2019-01-29,-0.0,-0.2916528834491124,-0.0,1.0,-0.44787738449663683,-0.4657845407431911,0.0
2019-01-30,-0.0,-0.28859579356663134,-0.0,1.0,-0.44629285966772714,-0.47437256981265463,0.0
2019-01-31,-0.0,-0.28196497712073215,-0.0,1.0,-0.44931362196409713,-0.4686510031678986,0.0
2019-02-01,-0.0,-0.28211120419771596,-0.0,1.0,-0.4600070549847877,-0.462564486970325,0.0
2019-02-04,-0.0,-0.2846279315817316,-0.0,1.0,-0.45774554752248275,-0.4618453535531652,0.0
2019-02-05,-0.0,-0.2798431856224121,-0.0,1.0,-0.45597304202272926,-0.46663289578010747,0.0
2019-02-06,-0.0,-0.2813222630871892,-0.0,1.0,-0.45261743783998065,-0.4683639086484463,0.0
2019-02-07,-0.0,-0.28280981541037054,-0.0,1.0,-0.45636371646328033,-0.4635887043482092,0.0
2019-02-08,-0.0,-0.28252681658994294,-0.0,1.0,-0.455452523072179,-0.4646153168432413,0.0
2019-02-11,-0.0,-0.27681210570432785,-0.0,1.0,-0.45689769268099,-0.4721401155865355,0.0
2019-02-12,-0.0,-0.27174512181677873,-0.0,1.0,-0.4595744680851063,-0.4735089846764414,0.0
2019-02-13,-0.0,-0.26936611973782604,-0.0,1.0,-0.4587823868385167,-0.47129723309725946,0.0
2019-02-14,-0.0,-0.25440200982876787,-0.0,1.0,-0.4720893844899398,-0.47726821958260796,0.0
2019-02-15,-0.0,-0.26601256752287505,-0.0,1.0,-0.46645353323779076,-0.4723624738176607,0.0
2019-02-19,-0.0,-0.26499007279947057,-0.0,1.0,-0.4683653209794838,-0.47266710787557914,0.0
2019-02-20,-0.0,-0.2619605071343376,-0.0,1.0,-0.4679286124486461,-0.47888412775544464,0.0
2019-02-21,-0.0,-0.2824858757062147,-0.0,1.0,-0.4612243997175141,-0.4632106285310734,0.0
2019-02-22,-0.0,-0.2747245467994436,-0.0,1.0,-0.46799443573494665,-0.46532270529267594,0.0
2019-02-25,-0.0,-0.2738677345841538,-0.0,1.0,-0.4715135960351351,-0.46715489966148194,0.0
2019-02-26,-0.0,-0.27257447420218056,-0.0,1.0,-0.4745339142357963,-0.4644492115797156,0.0
2019-02-27,-0.0,-0.27407653174076535,-0.0,1.0,-0.47378898473788983,-0.46405662464056624,0.0
2019-02-28,-0.0,-0.27329659872977935,-0.0,1.0,-0.47285843900064173,-0.466795016486313,0.0
2019-03-01,-0.0,-0.2698876205645518,-0.0,1.0,-0.4725909211574197,-0.46969294752676755,0.0
2019-03-04,-0.0,-0.267014549153142,-0.0,1.0,-0.4728695882899217,-0.47123336134082167,0.0
2019-03-05,-0.0,-0.2615592230432282,-0.0,1.0,-0.48254502013185263,-0.4681872483518429,0.0
2019-03-06,-0.0,-0.26060123432211824,-0.0,1.0,-0.4843940097772469,-0.467051562811069,0.0
2019-03-07,-0.0,-0.23073713796359327,-0.0,1.0,-0.493752882018401,-0.4713335236380405,0.0
2019-03-08,-0.0,-0.22519494783086216,-0.0,1.0,-0.4986490939044481,-0.47272926963207035,0.0
2019-03-11,-0.0,-0.22114831689299774,-0.0,1.0,-0.4945592073251648,-0.4959968151457513,0.0
2019-03-12,-0.0,-0.2070645283270681,-0.0,1.0,-0.5021687390172831,-0.5151144426896812,0.0
2019-03-13,-0.0,-0.21018311746315319,-0.0,1.0,-0.5082402858418937,-0.5146940598481465,0.0
2019-03-14,-0.0,-0.21332117194278213,-0.0,1.0,-0.49667415630353046,-0.5146270383306267,0.0
2019-03-15,-0.0,-0.21890944584941657,-0.0,1.0,-0.4908824703846666,-0.5085629353564932,0.0
2019-03-18,-0.0,-0.2257704830293029,-0.0,1.0,-0.4933767450158334,-0.5109049551759511,0.0
2019-03-19,-0.0,-0.2262205058374445,-0.0,1.0,-0.4931357010514097,-0.5129361341161239,0.0
2019-03-20,-0.0,-0.23016902164192451,-0.0,1.0,-0.48875424789840816,-0.5168127347522804,0.0
2019-03-21,-0.0,-0.22598693742894718,-0.0,1.0,-0.5134526648982412,-0.48966808586522814,0.0
2019-03-22,-0.0,-0.22439209896427534,-0.0,1.0,-0.5272353085922645,-0.48533655459365144,0.0
2019-03-25,-0.0,-0.21124782666844988,-0.0,1.0,-0.5322544692612902,-0.4855557041594222,0.0
2019-03-26,-0.0,-0.21712490530725012,-0.0,1.0,-0.5338888641326144,-0.4770286529120806,0.0
2019-03-27,-0.0,-0.20678812746694022,-0.0,1.0,-0.5401511941663135,-0.4830631313694445,0.0
2019-03-28,-0.0,-0.2036474842626903,-0.0,1.0,-0.5377025760078575,-0.4908701281307202,0.0
2019-03-29,-0.0,-0.20329915292019618,-0.0,1.0,-0.5338609005795809,-0.4919973250111458,0.0
2019-04-01,-0.0,-0.20684195267723737,-0.0,1.0,-0.5327713476505876,-0.490466314310564,0.0
2019-04-02,-0.0,-0.21233517462580184,-0.0,1.0,-0.5402040270848182,-0.47483071988595865,0.0
2019-04-03,-0.0,-0.2098949192455513,-0.0,1.0,-0.5413769355519517,-0.47033079332637245,0.0
2019-04-04,-0.0,-0.20759583740994395,-0.0,1.0,-0.5447389486791782,-0.47124877701681045,0.0
2019-04-05,-0.0,-0.2076648841354724,-0.0,1.0,-0.5420454545454545,-0.47845365418894836,0.0
2019-04-08,-0.0,-0.20670988438147428,-0.0,1.0,-0.5412016306890329,-0.4798057430550914,0.0
2019-04-09,-0.0,-0.20327071527374949,-0.0,1.0,-0.5462272990941948,-0.4815269287403507,0.0
2019-04-10,-0.0,-0.20066061106523533,-0.0,1.0,-0.5442453188117927,-0.48688820943156197,0.0
2019-04-11,-0.0,-0.19435582822085892,-0.0,1.0,-0.5491578360290017,-0.48738427216954827,0.0
2019-04-12,-0.0,-0.1942039978582902,-0.0,1.0,-0.5504640371229698,-0.4863019810815634,0.0
2019-04-15,-0.0,-0.19384883409273654,-0.0,1.0,-0.5526891807379612,-0.48702313946216386,0.0
2019-04-16,-0.0,-0.19666822982961524,-0.0,1.0,-0.551908175342221,-0.48451352135950515,0.0
2019-04-17,-0.0,-0.18749301816394467,-0.0,1.0,-0.5625907638687191,-0.4841260975446279,0.0
2019-04-18,-0.0,-0.18698605648909547,-0.0,1.0,-0.5572264926707187,-0.49032445477297104,0.0
2019-04-22,-0.0,-0.19017759165117684,-0.0,1.0,-0.5582379683335946,-0.49107562761740536,0.0
2019-04-23,-0.0,-0.1934197854375238,-0.0,1.0,-0.5618714864834599,-0.4844005464848037,0.0
2019-04-24,-0.0,-0.18250984604368062,-0.0,1.0,-0.5634174722520587,-0.4918322592194773,0.0
2019-04-25,-0.0,-0.17594230812299838,-0.0,1.0,-0.5630109068105977,-0.5006606794920606,0.0
2019-04-26,-0.0,-0.18002330688897852,-0.0,1.0,-0.5527990677244409,-0.5082246425530008,0.0
2019-04-29,-0.0,-0.17723249299719887,-0.0,1.0,-0.5522689075630253,-0.5113725490196078,0.0
2019-04-30,-0.0,-0.17915294855427893,-0.0,1.0,-0.554950838764586,-0.5055880310869224,0.0
2019-05-01,-0.0,-0.17679223718710083,-0.0,1.0,-0.5567980637787687,-0.507406494408713,0.0
2019-05-02,-0.0,-0.18045992529589128,-0.0,1.0,-0.5652760901849602,-0.5043877413257729,0.0
2019-05-03,-0.0,-0.16463552245542767,-0.0,1.0,-0.5805912886481607,-0.5116226585420899,0.0
2019-05-06,-0.0,-0.16385786802030458,-0.0,1.0,-0.5811844331641286,-0.5110208685843204,0.0
2019-05-07,-0.0,-0.1646934127145209,-0.0,1.0,-0.5804749340369394,-0.5099564756556841,0.0
2019-05-08,-0.0,-0.16613454447342388,-0.0,1.0,-0.5700827412537098,-0.5121863476931379,0.0
2019-05-09,-0.0,-0.16514896008993818,-0.0,1.0,-0.5756942102304665,-0.50761101742552,0.0
2019-05-10,-0.0,-0.1663182972602432,-0.0,1.0,-0.5756186366394714,-0.5055851482255636,0.0
2019-05-13,-0.0,-0.16873376914121968,-0.0,1.0,-0.5708560938479448,-0.4991268917345751,0.0
2019-05-14,-0.0,-0.15234027407011924,-0.0,1.0,-0.5762146289375334,-0.49604022067983633,0.0
2019-05-15,-0.0,-0.1477156910533079,-0.0,1.0,-0.5742898923206451,-0.4936190011964372,0.0
2019-05-16,-0.0,-0.1483294930875576,-0.0,1.0,-0.5732896136121942,-0.4938851471109536,0.0
2019-05-17,-0.0,-0.14344634898108521,-0.0,1.0,-0.5671774175665788,-0.5068186353859458,0.0
2019-05-20,-0.0,-0.1432339576637482,-0.0,1.0,-0.5660201706749418,-0.5073035575750858,0.0
2019-05-21,-0.0,-0.14050666548562826,-0.0,1.0,-0.5667434341644891,-0.5071969529208556,0.0
2019-05-22,-0.0,-0.1382969316473605,-0.0,1.0,-0.5683084269166151,-0.5040233442391017,0.0
2019-05-23,-0.0,-0.1438973110545535,-0.0,1.0,-0.5608941020250083,-0.5083102799601638,0.0
2019-05-24,-0.0,-0.14774894655134174,-0.0,1.0,-0.5628964293634952,-0.5071412730095365,0.0
2019-05-28,-0.0,-0.1488002838515102,-0.0,1.0,-0.5626912671308822,-0.506120548188229,0.0
2019-05-29,-0.0,-0.15381890635377463,-0.0,1.0,-0.5637591321673677,-0.49628071729023693,0.0
2019-05-30,-0.0,-0.15197184968795643,-0.0,1.0,-0.5621431416810517,-0.4989598548222901,0.0
2019-05-31,-0.0,-0.15473134460476232,-0.0,1.0,-0.5603700097370984,-0.49787554217933966,0.0
2019-06-03,-0.0,-0.16778935820076796,-0.0,1.0,-0.5624355458036204,-0.463960504662644,0.0
2019-06-04,-0.0,-0.1603908536719558,-0.0,1.0,-0.5411650784568323,-0.49919672528004577,0.0
2019-06-05,-0.0,-0.16261870377663998,-0.0,1.0,-0.5462999431097108,-0.4791694017767275,0.0
2019-06-06,-0.0,-0.16825660773674075,-0.0,1.0,-0.5273936635743042,-0.4923201470330824,0.0
2019-06-07,-0.0,-0.15970181977636483,-0.0,1.0,-0.5363736022802017,-0.49642622231966677,0.0
2019-06-10,-0.0,-0.16910834968388924,-0.0,1.0,-0.5164159581425769,-0.4945716154349248,0.0
2019-06-11,-0.0,-0.16626065773447016,-0.0,1.0,-0.5171176265877849,-0.4916695667304681,0.0
2019-06-12,-0.0,-0.1596777345870703,-0.0,1.0,-0.5163195726291558,-0.4956025103693891,0.0
2019-06-13,-0.0,-0.17925839086448703,-0.0,1.0,-0.5111805826928922,-0.4805262472319917,0.0
2019-06-14,-0.0,-0.18046354019592936,-0.0,1.0,-0.5121532680235462,-0.47952733670743103,0.0
2019-06-17,-0.0,-0.17968716148879935,-0.0,1.0,-0.5015165301789506,-0.48528965726417955,0.0
2019-06-18,-0.0,-0.19734735384482238,-0.0,1.0,-0.49190791466528194,-0.4743822753039941,0.0
2019-06-19,-0.0,-0.18200886582333223,-0.0,1.0,-0.49473456589901604,-0.48565250297329443,0.0
2019-06-20,-0.0,-0.1850978185595568,-0.0,1.0,-0.49272853185595566,-0.4863010734072022,0.0
2019-06-21,-0.0,-0.1803007191109174,-0.0,1.0,-0.5135759424711266,-0.4852473305731096,0.0
2019-06-24,-0.0,-0.17656549799406943,-0.0,1.0,-0.5143685679399965,-0.48942525728240016,0.0
2019-06-25,-0.0,-0.16577551777569235,-0.0,1.0,-0.525283167106785,-0.491346762401519,0.0
2019-06-26,-0.0,-0.17077403679278028,-0.0,1.0,-0.5259241582783756,-0.4726657410621312,0.0
2019-06-27,-0.0,-0.16852639805488018,-0.0,1.0,-0.5258987495658215,-0.4764458145189302,0.0
2019-06-28,-0.0,-0.14714636424862587,-0.0,1.0,-0.54687262378066,-0.47852440852506034,0.0
2019-07-01,-0.0,-0.14376871988540174,-0.0,1.0,-0.5495724269653167,-0.47708034900377655,0.0
2019-07-02,-0.0,-0.14812726365785422,-0.0,1.0,-0.5432995727515236,-0.4773471556529094,0.0
2019-07-03,-0.0,-0.15107804433647132,-0.0,1.0,-0.5391740054661404,-0.47885124289618675,0.0
2019-07-05,-0.0,-0.162314199787966,-0.0,1.0,-0.5263203444470889,-0.47497782297323615,0.0
2019-07-08,-0.0,-0.16257735081569952,-0.0,1.0,-0.524925353758276,-0.47615647583192694,0.0
2019-07-09,-0.0,-0.16054054054054054,-0.0,1.0,-0.523545945945946,-0.47807567567567566,0.0
2019-07-10,-0.0,-0.17696156666522883,-0.0,1.0,-0.506319285683475,-0.4734719406461631,0.0
2019-07-11,-0.0,-0.1753249557369262,-0.0,1.0,-0.5099969771559355,-0.47385239884268254,0.0
2019-07-12,-0.0,-0.17760459392945036,-0.0,1.0,-0.5071456327447001,-0.4740512067700013,0.0
2019-07-15,-0.0,-0.18316062176165804,-0.0,1.0,-0.5084196891191709,-0.46731433506044906,0.0
2019-07-16,-0.0,-0.18869431908967244,-0.0,1.0,-0.5124263165849762,-0.4581003174054801,0.0
2019-07-17,-0.0,-0.18777009507346587,-0.0,1.0,-0.5147796024200519,-0.4582324978392394,0.0
2019-07-18,-0.0,-0.19107827510446732,-0.0,1.0,-0.5101236376168526,-0.45274199801835174,0.0
2019-07-19,-0.0,-0.19250910501476198,-0.0,1.0,-0.5081783505376808,-0.45434562420533153,0.0
2019-07-22,-0.0,-0.1868368843267489,-0.0,1.0,-0.5021349089968083,-0.46750194082636076,0.0
2019-07-23,-0.0,-0.18821981624466202,-0.0,1.0,-0.5022430229047147,-0.46626838631756024,0.0
2019-07-24,-0.0,-0.1893248863318034,-0.0,1.0,-0.5036955631693495,-0.4618053310922921,0.0
2019-07-25,-0.0,-0.18098417142241846,-0.0,1.0,-0.5156024550446862,-0.45696134381393344,0.0
2019-07-26,-0.0,-0.1867688322900928,-0.0,1.0,-0.5140945391754803,-0.457565292467084,0.0
2019-07-29,-0.0,-0.17613771355752822,-0.0,1.0,-0.51394198578803,-0.4697941640208212,0.0
2019-07-30,-0.0,-0.17439303117857602,-0.0,1.0,-0.5126999870628315,-0.4691017292681875,0.0
2019-07-31,-0.0,-0.19512458202998598,-0.0,1.0,-0.5023190594326394,-0.4598209470391543,0.0
2019-08-01,-0.0,-0.18117582347838962,-0.0,1.0,-0.4830015443525355,-0.45137405064630093,0.0
2019-08-02,-0.0,-0.17829129579906552,-0.0,1.0,-0.48546480898116234,-0.4504323558637603,0.0
2019-08-05,-0.0,-0.1787775640076957,-0.0,1.0,-0.48616249815006657,-0.44924839848622594,0.0
2019-08-06,-0.0,-0.1808689088316699,-0.0,1.0,-0.46712236853140987,-0.4487964438480248,0.0
2019-08-07,-0.0,-0.18595257529143383,-0.0,1.0,-0.45524371612147085,-0.4516858165379544,0.0
2019-08-08,-0.0,-0.17965612449799195,-0.0,1.0,-0.45498661311914324,-0.45705739625167335,0.0
2019-08-09,-0.0,-0.17972504283147384,-0.0,1.0,-0.4561447494881116,-0.4534703940495592,0.0
2019-08-12,-0.0,-0.17842617890587523,-0.0,1.0,-0.4535633094875592,-0.45366759129872564,0.0
2019-08-13,-0.0,-0.18073092469892071,-0.0,1.0,-0.4521190148768596,-0.45074384298037257,0.0
2019-08-14,-0.0,-0.18578610603290674,-0.0,1.0,-0.442143094565398,-0.44949725776965266,0.0
2019-08-15,-0.0,-0.1927312547779913,-0.0,1.0,-0.43612471332052316,-0.4373024236037935,0.0
2019-08-16,-0.0,-0.19713601848794982,-0.0,1.0,-0.43050511720039614,-0.43574612083195774,0.0
2019-08-19,-0.0,-0.1970130217440497,-0.0,1.0,-0.4307255559441279,-0.42940898150624346,0.0
2019-08-20,-0.0,-0.19453198542954203,-0.0,1.0,-0.4253877951950231,-0.4264723938935047,0.0
2019-08-21,-0.0,-0.19726834055778195,-0.0,1.0,-0.4258403533164309,-0.4215465772470761,0.0
2019-08-22,-0.0,-0.197537167129554,-0.0,1.0,-0.4281980068616239,-0.4164352230027773,0.0
2019-08-23,-0.0,-0.1982191724870318,-0.0,1.0,-0.42872605481354414,-0.4152881591308255,0.0
2019-08-26,-0.0,-0.19295220319727338,-0.0,1.0,-0.4276758906110525,-0.408118964537856,0.0
2019-08-27,-0.0,-0.19212212131041193,-0.0,1.0,-0.42566088225754134,-0.40948345767109956,0.0
2019-08-28,-0.0,-0.1866995272918266,-0.0,1.0,-0.4367096278938225,-0.3967112439901418,0.0
2019-08-29,-0.0,-0.18073068218558036,-0.0,1.0,-0.4390155189136761,-0.4009456838021339,0.0
2019-08-30,-0.0,-0.173502722323049,-0.0,1.0,-0.4473885864085501,-0.3956442831215971,0.0
2019-09-03,-0.0,-0.18095506863673932,-0.0,1.0,-0.44379044125057954,-0.3910177588743978,0.0
2019-09-04,-0.0,-0.17924775110180916,-0.0,1.0,-0.44239399488841036,-0.3908152381719024,0.0
2019-09-05,-0.0,-0.18270526929963984,-0.0,1.0,-0.441120254310605,-0.38812546526366615,0.0
2019-09-06,-0.0,-0.17903070245941166,-0.0,1.0,-0.4585878476129239,-0.3717047098537212,0.0
2019-09-09,-0.0,-0.1848562184755742,-0.0,1.0,-0.4587946868155055,-0.36587424391616263,0.0
2019-09-10,-0.0,-0.18334907461366878,-0.0,1.0,-0.46464240499969856,-0.36153366959387495,0.0
2019-09-11,-0.0,-0.18079697767417557,-0.0,1.0,-0.4552780178043928,-0.3734501537286739,0.0
2019-09-12,-0.0,-0.16996229744906144,-0.0,1.0,-0.45878790309642226,-0.3767046366115835,0.0
2019-09-13,-0.0,-0.169798455830743,-0.0,1.0,-0.45647247568434773,-0.3791436879574852,0.0
2019-09-16,-0.0,-0.16939057893998036,-0.0,1.0,-0.4565945414803377,-0.37934906852226924,0.0
2019-09-17,-0.0,-0.21233345409169582,-0.0,1.0,-0.4495230044680594,-0.35078291671698264,0.0
2019-09-18,-0.0,-0.22368341678228873,-0.0,1.0,-0.4439082262572641,-0.3432466670688303,0.0
2019-09-19,-0.0,-0.22947258317576535,-0.0,1.0,-0.4339823792090759,-0.34805085086695897,0.0
2019-09-20,-0.0,-0.23079090927390947,-0.0,1.0,-0.4355738067918755,-0.3466392898121867,0.0
2019-09-23,-0.0,-0.23269110748726624,-0.0,1.0,-0.4319019145980552,-0.348654144269292,0.0
2019-09-24,-0.0,-0.23317428680719135,-0.0,1.0,-0.43196231201304586,-0.34811056753437625,0.0
2019-09-25,-0.0,-0.23152620140062788,-0.0,1.0,-0.4328664573774451,-0.3480037028093053,0.0
2019-09-26,-0.0,-0.22098223278675316,-0.0,1.0,-0.44937754320937917,-0.3440634946214899,0.0
2019-09-27,-0.0,-0.21342823538954453,-0.0,1.0,-0.4567465628421949,-0.35764691568317314,0.0
2019-09-30,-0.0,-0.1859770348541815,-0.0,1.0,-0.47838634285133624,-0.3679504115435423,0.0
2019-10-01,-0.0,-0.18070157600406708,-0.0,1.0,-0.48266395526182004,-0.3701881037112354,0.0
2019-10-02,-0.0,-0.20341027580707816,-0.0,1.0,-0.4865572161681421,-0.35454192308478666,0.0
2019-10-03,-0.0,-0.20530774726957232,-0.0,1.0,-0.4856588751658671,-0.3504746350923752,0.0
2019-10-04,-0.0,-0.2110052347456241,-0.0,1.0,-0.484459348928513,-0.3493579257320465,0.0
2019-10-07,-0.0,-0.21913977177618552,-0.0,1.0,-0.4762692142813399,-0.3459489252250597,0.0
2019-10-08,-0.0,-0.2221429881216764,-0.0,1.0,-0.47067093172510743,-0.3446343799026099,0.0
2019-10-09,-0.0,-0.2169092309563384,-0.0,1.0,-0.46440588640694047,-0.34568451777678677,0.0
2019-10-10,-0.0,-0.2202963773845,-0.0,1.0,-0.4622433051551825,-0.34466540979950944,0.0
2019-10-11,-0.0,-0.22514792297838593,-0.0093938716170879,1.0,-0.4407596429515463,-0.35800410727720056,0.0
2019-10-14,-0.0,-0.21239858115546134,-0.02482977942675419,1.0,-0.4533779100583031,-0.347943083132874,0.0
2019-10-15,-0.0,-0.2101856375183195,-0.01663002768278782,1.0,-0.45373310535743366,-0.3549299788308093,0.0
2019-10-16,-0.0,-0.21018266140515032,-0.02717546072169562,1.0,-0.45158862536105127,-0.3451446238965054,0.0
2019-10-17,-0.0,-0.20717731593624686,-0.03155087833574206,1.0,-0.44961019398701324,-0.34722250493618584,0.0
2019-10-18,-0.0,-0.19325451453558992,-0.01757227305854725,1.0,-0.46868167462952465,-0.34494695926795693,0.0
2019-10-21,-0.0,-0.18519418950951197,-0.01914544459976904,1.0,-0.46820235418059525,-0.353430985230657,0.0
2019-10-22,-0.0,-0.18526993641407802,-0.019561783645862866,1.0,-0.46796403547851445,-0.35223360738730713,0.0
2019-10-23,-0.0,-0.18518968379286613,-0.01485890117008786,1.0,-0.46680027531479007,-0.3575650836066238,0.0
2019-10-24,-0.0,-0.18282345766846225,-0.024148795609309888,1.0,-0.4701290781583495,-0.3556255717044415,0.0
2019-10-25,-0.0,-0.18279046169457128,-0.027519025875190256,1.0,-0.4665854895991882,-0.3525317097919838,0.0
2019-10-28,-0.0,-0.1866260162601626,-0.03172764227642277,1.0,-0.4579878048780488,-0.35615853658536584,0.0
2019-10-29,-0.0,-0.1863033723834081,-0.03136864759507035,1.0,-0.4644387143930319,-0.34824274663472277,0.0
2019-10-30,-0.0,-0.18805794513877616,-0.0318130173673105,1.0,-0.4623031975328681,-0.3467172536925824,0.0
2019-10-31,-0.0,-0.18755714488896114,-0.033199910599995934,1.0,-0.45037283865331085,-0.36070869821403173,0.0
2019-11-01,-0.0,-0.18363208694946875,-0.027780030821640038,1.0,-0.454862519263525,-0.3614648389974856,0.0
2019-11-04,-0.0,-0.18351058442216148,-0.03802289071204294,1.0,-0.4407778790641143,-0.36341537526587664,0.0
2019-11-05,-0.0,-0.18246392444996234,-0.04023772210123542,1.0,-0.4371807135733621,-0.37540960250747973,0.0
2019-11-06,-0.0,-0.18461100839140945,-0.04063636548347116,1.0,-0.4347887924903997,-0.37178210780827764,0.0
2019-11-07,-0.0,-0.16686876035730167,-0.03213289681096156,1.0,-0.44563679721919086,-0.37629845196232975,0.0
2019-11-08,-0.0,-0.1842110530635121,-0.023499269400908747,1.0,-0.43029284012890573,-0.3636181668968554,0.0
2019-11-11,-0.0,-0.17974775064267354,-0.031491002570694086,1.0,-0.42982808483290486,-0.3672879177377892,0.0
2019-11-12,-0.0,-0.17029866034666294,-0.030990781096226074,1.0,-0.4354978007190343,-0.3717086103356163,0.0
2019-11-13,-0.0,-0.1712565929862705,-0.0377058420904296,1.0,-0.43233884929741917,-0.3718242943994846,0.0
2019-11-14,-0.0,-0.1706167817804716,-0.03781639515917924,1.0,-0.4297738668170194,-0.3754455206298705,0.0
2019-11-15,-0.0,-0.16992766034618254,-0.042235073649424706,1.0,-0.4266024543091463,-0.37626695145787575,0.0
2019-11-18,-0.0,-0.17828265687077005,-0.03743336860388509,1.0,-0.4114476232306495,-0.3692826768352333,0.0
2019-11-19,-0.0,-0.19377686300623526,-0.03377928446031842,1.0,-0.4182658353007648,-0.37203624109611155,0.0
2019-11-20,-0.0,-0.19549462495470468,-0.04018198655232113,1.0,-0.4108990618834803,-0.3665499053830978,0.0
2019-11-21,-0.0,-0.18484848484848485,-0.07065283709579011,1.0,-0.39520032540166766,-0.3830384380719951,0.0
2019-11-22,-0.0,-0.18129177756557427,-0.07310185091123346,1.0,-0.39980495337166544,-0.3775371299701335,0.0
2019-11-25,-0.0,-0.18143211281342705,-0.07369854106555045,1.0,-0.40033323850936725,-0.3764579184784817,0.0
2019-11-26,-0.0,-0.1701112554815657,-0.07371690758486277,1.0,-0.4062652265713822,-0.380116127984408,0.0
2019-11-27,-0.0,-0.18044792469671767,-0.06923763541201769,1.0,-0.40010954680082766,-0.37884935286241733,0.0
2019-11-29,-0.0,-0.17992792355037254,-0.06744007126660187,1.0,-0.3954284094590217,-0.3818229672821509,0.0
2019-12-02,-0.0,-0.1821546972562898,-0.07850794231903513,1.0,-0.3927837777371001,-0.3804177598795941,0.0
2019-12-03,-0.0,-0.17977505278544748,-0.07367630339451033,1.0,-0.39379974013318175,-0.3829584213090791,0.0
2019-12-04,-0.0,-0.1733950493056953,-0.06965184141678406,1.0,-0.39066210505131815,-0.37876836385590656,0.0
2019-12-05,-0.0,-0.16823982175410165,-0.08227668624670853,1.0,-0.38160826412801296,-0.3933967996759165,0.0
2019-12-06,-0.0,-0.1802831245544353,-0.08748345045320298,1.0,-0.38731031673286487,-0.381790406355026,0.0
2019-12-09,-0.0,-0.1735532098410482,-0.09272189592146877,1.0,-0.3997207048096275,-0.38764529510822693,0.0
2019-12-10,-0.0,-0.16977768456375839,-0.11610738255033556,1.0,-0.42768456375838926,-0.3837458053691275,0.0
2019-12-11,-0.0,-0.1722158198009429,-0.11421686746987952,1.0,-0.42679937139863805,-0.3821058145625982,0.0
2019-12-12,-0.0,-0.17411424742440743,-0.11443588240221124,1.0,-0.42415612697880894,-0.38125052349443006,0.0
2019-12-13,-0.0,-0.17195139865276057,-0.11491406627074896,1.0,-0.4261641449646402,-0.38547415692611164,0.0
2019-12-16,-0.0,-0.17208814270724032,-0.11532004197271774,1.0,-0.42604407135362016,-0.385183630640084,0.0
2019-12-17,-0.0,-0.16261130118792105,-0.13759908196442613,1.0,-0.4418683723994305,-0.38300359138916634,0.0
2019-12-18,-0.0,-0.16418617674298394,-0.150207844235284,1.0,-0.4513773719011825,-0.3880333412306963,0.0
2019-12-19,-0.0,-0.17267863306869174,-0.1532835692095271,1.0,-0.44233258543320675,-0.3891309975837073,0.0
2019-12-20,-0.0,-0.1741054085552726,-0.15258773255061078,1.0,-0.4434756334441231,-0.38807355289851947,0.0
2019-12-23,-0.0,-0.17386444248586597,-0.14499451836883853,1.0,-0.44822545626518195,-0.3825963584771814,0.0
2019-12-24,-0.0,-0.17647312384154487,-0.13632053105737316,1.0,-0.4621104357946463,-0.38038277511961727,0.0
2019-12-26,-0.0,-0.17641985424123507,-0.13881581784466773,1.0,-0.45642330415283106,-0.38453577127086114,0.0
2019-12-27,-0.0,-0.17581206371161204,-0.14131961703874998,1.0,-0.46015863067580126,-0.38389055780078235,0.0
2019-12-30,-0.0,-0.17983911186278975,-0.15167284633231423,1.0,-0.46824519178646545,-0.36858995208048745,0.0
2019-12-31,-0.0,-0.18255463859466717,-0.15121190460718695,1.0,-0.46548400372560483,-0.3667987956765655,0.0
2020-01-02,-0.0,-0.18175316935746016,-0.1515440459421389,1.0,-0.4658792935312601,-0.3679055152237512,0.0
2020-01-03,-0.0,-0.18640536493261278,-0.15832193936237168,1.0,-0.45510775441109447,-0.3704451244655685,0.0
2020-01-06,-0.0,-0.19067271976888153,-0.16421573951386928,1.0,-0.4499858809218672,-0.3673132480396203,0.0
2020-01-07,-0.0,-0.18836896072297532,-0.16349496002780672,1.0,-0.45765988877302743,-0.3628562738964199,0.0
2020-01-08,-0.0,-0.1883856687137866,-0.16047828823159221,1.0,-0.4515527006792387,-0.3696534363403572,0.0
2020-01-09,-0.0,-0.18385562577366604,-0.16474471735400786,1.0,-0.4447412426433861,-0.3783742697678459,0.0
2020-01-10,-0.0,-0.18695359784801616,-0.16237499186498036,1.0,-0.43922597999869845,-0.38078399895871745,0.0
2020-01-13,-0.0,-0.18993422191448847,-0.16604639086030812,1.0,-0.43270728751947374,-0.37504327505625756,0.0
2020-01-14,-0.0,-0.18936625656770958,-0.164457609894268,1.0,-0.431879608207745,-0.37652706004454145,0.0
2020-01-15,-0.0,-0.18978653601260495,-0.1624614189203773,1.0,-0.42815825257387063,-0.37797586928838145,0.0
2020-01-16,-0.0,-0.1916152152325029,-0.16361556064073224,1.0,-0.42899702085402186,-0.37457363671689475,0.0
2020-01-17,-0.0,-0.18990726762993315,-0.16036230321328443,1.0,-0.43316799654949323,-0.3731291783480699,0.0
2020-01-21,-0.0,-0.19365202578864524,-0.1554865558358669,1.0,-0.43618604049421045,-0.3709381805636414,0.0
2020-01-22,-0.0,-0.1954384754677934,-0.15154781408985082,1.0,-0.4346382685177201,-0.3741053720789859,0.0
2020-01-23,-0.0,-0.20100047436284443,-0.15097675622062184,1.0,-0.440230281599034,-0.3639872353270947,0.0
2020-01-24,-0.0,-0.2025289142068013,-0.1514327636803038,1.0,-0.44122216468151215,-0.3625927843949594,0.0
2020-01-27,-0.0,-0.2034916261247686,-0.1502346407198519,1.0,-0.43554914539113965,-0.3633917423687949,0.0
2020-01-28,-0.0,-0.1963860120466265,-0.14848117172942754,1.0,-0.44960350132166227,-0.3721887593708021,0.0
2020-01-29,-0.0,-0.19783332612550275,-0.14764520174717813,1.0,-0.44557367123643127,-0.3712753535440903,0.0
2020-01-30,-0.0,-0.19617297297297298,-0.14499459459459457,1.0,-0.45628108108108106,-0.3647351351351351,0.0
2020-01-31,-0.0,-0.19471554391811474,-0.14831966414922854,1.0,-0.45653632252061194,-0.3643937590616953,0.0
2020-02-03,-0.0,-0.19291989775095053,-0.1417309303374648,1.0,-0.45393422550641205,-0.35952570188817046,0.0
2020-02-04,-0.0,-0.18056655889343298,-0.13964841658994068,1.0,-0.4523906387169989,-0.3685844592424469,0.0
2020-02-05,-0.0,-0.18407663650878128,-0.14390633315593399,1.0,-0.4423842469398616,-0.3584459819052688,0.0
2020-02-06,-0.0,-0.18328702714255185,-0.13349006197905536,1.0,-0.4498397093396025,-0.3705920068390682,0.0
2020-02-07,-0.0,-0.18559982907808995,-0.13143894883025317,1.0,-0.4487982053199444,-0.3707082576647794,0.0
2020-02-10,-0.0,-0.1882078400308292,-0.132201502922349,1.0,-0.4492924275835492,-0.3712132565458477,0.0
2020-02-11,-0.0,-0.18779272439530356,-0.12968626360700614,1.0,-0.4476785217819029,-0.3734682093286854,0.0
2020-02-12,-0.0,-0.1894012270463242,-0.13191816840890144,1.0,-0.44372474828448666,-0.372688599585284,0.0
2020-02-13,-0.0,-0.19116137860258273,-0.1320234328230565,1.0,-0.44438980586675786,-0.37047806379885395,0.0
2020-02-14,-0.0,-0.19535212171791744,-0.13939355031991613,1.0,-0.4318546575078641,-0.37328539941366545,0.0
2020-02-18,-0.0,-0.1965157092714665,-0.13622549439260337,1.0,-0.42855919869874154,-0.37892731786662104,0.0
2020-02-19,-0.0,-0.20114055398336333,-0.1405539833633479,1.0,-0.4300445930880713,-0.3721593345339164,0.0
2020-02-20,-0.0,-0.20226582523853626,-0.14187253656120097,1.0,-0.4361498201555063,-0.3735380904176269,0.0
2020-02-21,-0.0,-0.20605565352027871,-0.13900477398821556,1.0,-0.4324975269880865,-0.3729086920992646,0.0
2020-02-24,-0.0,-0.2078580481622307,-0.13754806556250135,1.0,-0.4306459581963868,-0.37212949238469634,0.0
2020-02-25,-0.0,-0.22593395384419226,-0.1549364613880743,1.0,-0.38478048365846407,-0.35938628926006205,0.0
2020-02-26,-0.0,-0.2262624976119213,-0.15341017639941412,1.0,-0.3839181472754675,-0.3591458107792566,0.0
2020-02-27,-0.0,-0.22902518468056118,-0.16017712302812254,1.0,-0.3756413258680519,-0.3640176271475103,0.0
2020-02-28,-0.0,-0.23038322146211748,-0.17494799596834723,1.0,-0.3741931333233257,-0.36497179987561923,0.0
2020-03-02,-0.0,-0.22889784370043295,-0.17396150383675568,1.0,-0.37531615724268014,-0.3652634286449179,0.0
2020-03-03,-0.0,-0.23996701484332048,-0.15291580327314244,1.0,-0.3617372182517867,-0.35981308411214946,0.0
2020-03-04,-0.0,-0.2706869143239625,-0.169260374832664,1.0,-0.30559738955823296,-0.34615545515394913,0.0
2020-03-05,-0.0,-0.29263370332996974,-0.14213637018884243,1.0,-0.28777363619514407,-0.33682736464918966,0.0
2020-03-06,-0.0,-0.30027171137306174,-0.142903838689248,1.0,-0.2719156673272181,-0.3278514372101575,0.0
2020-03-09,-0.0,-0.3061968156690615,-0.1485538002857202,1.0,-0.28048199755688524,-0.3352036274042941,0.0
2020-03-10,-0.0,-0.3801191190729027,-0.2504039891038367,1.0,-0.31328777875248165,-0.36472136294381086,0.0
2020-03-11,-0.0,-0.4021957454578654,-0.243997078426002,1.0,-0.2890532274262759,-0.3472336346206518,0.0
2020-03-12,-0.0,-0.39508635147998733,-0.23525678799691765,1.0,-0.28971941435111737,-0.3463804904582748,0.0
2020-03-13,-0.023642927177110258,-0.3645601212229254,-0.2320616810767448,1.0,-0.28592120509849367,-0.32217666458686156,0.0
2020-03-16,-0.0,-0.4419906151793017,-0.210577295621852,1.0,-0.2606009729217788,-0.23933445262387532,0.0
2020-03-17,-0.07770263240037457,-0.3336385391738633,-0.15962959109353866,1.0,-0.2767245864114036,-0.233253563625013,0.0
2020-03-18,-0.07600866783613663,-0.339882365081003,-0.13899494376225363,1.0,-0.27369724486637087,-0.2351872871736663,0.0
2020-03-19,-0.06601674260887995,-0.39826215958461375,-0.16246688566281658,1.0,-0.2869979866482993,-0.20557380523471444,0.0
2020-03-20,-0.06874241811564902,-0.44642135058633237,-0.14652989124651497,1.0,-0.28522782897397153,-0.18130546746972567,0.0
2020-03-23,-0.07001776349179496,-0.46498054474708167,-0.12296988665200473,1.0,-0.28091693452884453,-0.17583742175604805,0.0
2020-03-24,-0.07999155316228486,-0.46782810685249704,-0.11021011508816386,1.0,-0.2757470172104318,-0.17793263646922183,0.0
2020-03-25,-0.0875880758807588,-0.4673604336043361,-0.14530081300813008,1.0,-0.2813875338753387,-0.18638482384823848,0.0
2020-03-26,-0.08495725011935246,-0.4670804218566902,-0.14886506662037235,1.0,-0.2823011154029773,-0.18684084892148778,0.0
2020-03-27,-0.08359259338725943,-0.4636642564421653,-0.1340142038749544,1.0,-0.2825541227712576,-0.18179672581371897,0.0
2020-03-30,-0.08880508565887296,-0.47109147721150735,-0.1236073698954854,1.0,-0.28630535502639803,-0.18513091261717488,0.0
2020-03-31,-0.08546475358702434,-0.4738959278938198,-0.12229225374835975,1.0,-0.28364919224729496,-0.18583690063888827,0.0
2020-04-01,-0.09085239979356614,-0.48726991226561156,-0.10695854120075692,1.0,-0.2868785480818854,-0.17839325649406504,0.0
2020-04-02,-0.10318561034416542,-0.4573367188000086,-0.10079586916167026,1.0,-0.29846160411376876,-0.1738963449762093,0.0
2020-04-03,-0.11052019636551545,-0.4504564636982172,-0.10096029627077771,1.0,-0.3235078804581862,-0.16766428386874513,0.0
2020-04-06,-0.11380853994490359,-0.4456138085399449,-0.0987000688705234,1.0,-0.3263171487603306,-0.16776429063360881,0.0
2020-04-07,-0.10341087908816399,-0.43767277676179134,-0.09450091438778548,1.0,-0.3272019733764301,-0.16367541360098667,0.0
2020-04-08,-0.1029702549273914,-0.43618310547913164,-0.09435927965471053,1.0,-0.3277273403780324,-0.1649480152233538,0.0
2020-04-09,-0.1037896167898717,-0.4348287874925652,-0.0961636502676523,1.0,-0.32708811283881384,-0.162354490610927,0.0
2020-04-13,-0.09986605149575829,-0.44606978079220966,-0.09284970127357386,1.0,-0.3267493036803946,-0.16065315842068334,0.0
2020-04-14,-0.11058101891293236,-0.42848014994036465,-0.10894104617481684,1.0,-0.3263545748849889,-0.15547793491225081,0.0
2020-04-15,-0.0957884468572398,-0.43551191788955806,-0.0970396131987446,1.0,-0.32540927983713636,-0.16685045381287641,0.0
2020-04-16,-0.09434082103613999,-0.4386763491626617,-0.09692376092985835,1.0,-0.32384138208455954,-0.16338153409692377,0.0
2020-04-17,-0.09105536149042023,-0.4436752408171907,-0.09158463004128295,1.0,-0.3242299142584948,-0.16655022758547688,0.0
2020-04-20,-0.08978269157453297,-0.44571525395009953,-0.09073579870377431,1.0,-0.32454356758588554,-0.16725971110263904,0.0
2020-04-21,-0.09202297924660292,-0.4458270620906027,-0.09068746952705997,1.0,-0.32465605325080027,-0.16664193500519364,0.0
2020-04-22,-0.08552951370543356,-0.45395946488577044,-0.08347951053532557,1.0,-0.3262252467400723,-0.16419046008834035,0.0
2020-04-23,-0.0934886879748716,-0.4485546924742137,-0.08837386985865275,1.0,-0.3305530795025256,-0.16133961543359226,0.0
2020-04-24,-0.09153882112957376,-0.45535676341846926,-0.08631167396200758,1.0,-0.3297352428711062,-0.16189282223449916,0.0
2020-04-27,-0.09930617630783638,-0.45509300642744643,-0.08115183246073297,1.0,-0.3294385561656664,-0.16330396288256077,0.0
2020-04-28,-0.10643095709149701,-0.4429553045291127,-0.08230689046312252,1.0,-0.33437573127406556,-0.16129512625779138,0.0
2020-04-29,-0.10241847999489502,-0.44689766660285457,-0.079084508540191,1.0,-0.33288664837385407,-0.16578393210388614,0.0
2020-04-30,-0.10281468233691024,-0.4507111224663601,-0.07845767330948732,1.0,-0.3329713847726112,-0.1641543178334185,0.0
2020-05-01,-0.10135422877097351,-0.4528149220679669,-0.07784686142577293,1.0,-0.3324674218550379,-0.1647857933736479,0.0
2020-05-04,-0.10243601734546381,-0.45132216648244194,-0.07690672561856984,1.0,-0.3357920244877136,-0.15921265198537538,0.0
2020-05-05,-0.10566889560884193,-0.4536607180885046,-0.08307423655181226,1.0,-0.33340431875292814,-0.15377571446824823,0.0
2020-05-06,-0.10516232038318254,-0.4532410856838744,-0.08585417775412453,1.0,-0.3336668440659925,-0.15088877062267164,0.0
2020-05-07,-0.09951394218470197,-0.4509252153150849,-0.08516670930331713,1.0,-0.33795940990875756,-0.15824592819988062,0.0
2020-05-08,-0.1012912175861701,-0.4526944829794045,-0.08274463771209048,1.0,-0.33983566321630565,-0.1576779425888379,0.0
2020-05-11,-0.10262646952143208,-0.4485480808210118,-0.0845761590816958,1.0,-0.3416970705583648,-0.1561586549745034,0.0
2020-05-12,-0.09934863854778431,-0.45054991991457555,-0.07416978109983982,1.0,-0.34599038974906565,-0.16557394554191138,0.0
2020-05-13,-0.09806597436936265,-0.44501780497686416,-0.07548457257393863,1.0,-0.349446659701047,-0.1643175469646246,0.0
2020-05-14,-0.0984333368858574,-0.4433336885857402,-0.07151230949589683,1.0,-0.35157199190024513,-0.16668442928700844,0.0
2020-05-15,-0.10934635227902614,-0.440455378842792,-0.07169658465867906,1.0,-0.3512770221293651,-0.15914808340084424,0.0
2020-05-18,-0.1111632870864461,-0.44256136606189966,-0.07186766275346851,1.0,-0.3499679829242262,-0.15889007470651015,0.0
2020-05-19,-0.11463066060877541,-0.4336511593182739,-0.08532241206458907,1.0,-0.3518482967513492,-0.14758644226872294,0.0
2020-05-20,-0.11472650173666603,-0.4345287562061838,-0.08495812823627183,1.0,-0.35020989153828125,-0.14645528351339257,0.0
2020-05-21,-0.11543295345617213,-0.42975822771328154,-0.08921077857066781,1.0,-0.3508786878261796,-0.14487165832357016,0.0
2020-05-22,-0.11631130063965886,-0.4261833688699361,-0.09049040511727079,1.0,-0.35260127931769725,-0.1466311300639659,0.0
2020-05-26,-0.11605543710021322,-0.42567164179104483,-0.09057569296375266,1.0,-0.3525586353944563,-0.14733475479744138,0.0
2020-05-27,-0.12577112728669926,-0.4203043951587081,-0.1054710013448033,1.0,-0.3528080773582087,-0.13027515102354473,0.0
2020-05-28,-0.13348561181794893,-0.41559217829391165,-0.11049440696780805,1.0,-0.35594739988045426,-0.11922551447357184,0.0
2020-05-29,-0.1352263023057216,-0.4141759180187874,-0.11154995730145174,1.0,-0.3583262169086251,-0.11564901793339027,0.0
2020-06-01,-0.13413723188560453,-0.4143207768647956,-0.10918792017927648,1.0,-0.3588944616369651,-0.11772489595560773,0.0
2020-06-02,-0.1349891086148721,-0.41647802502883013,-0.10987485584931449,1.0,-0.3582411480801264,-0.11593986246956818,0.0
2020-06-03,-0.13481994104831474,-0.416720064932291,-0.10965867828612927,1.0,-0.3584945960955188,-0.1162159853047973,0.0
2020-06-04,-0.13429016229127125,-0.415346228487343,-0.11456356230406688,1.0,-0.3549508434454373,-0.11345460749397539,0.0
2020-06-05,-0.13097801752627877,-0.4149165263000789,-0.11368627534594146,1.0,-0.3540862668173387,-0.11848361442186735,0.0
2020-06-08,-0.13294908741594622,-0.4232682249973317,-0.10562493329063935,1.0,-0.35410395986764864,-0.11875333546803288,0.0
2020-06-09,-0.13232340498269304,-0.4239348745780095,-0.10523054570317508,1.0,-0.35402333233622496,-0.12114866886030512,0.0
2020-06-10,-0.13086208738382651,-0.4254673645977994,-0.1055229142185664,1.0,-0.3550048071787202,-0.11966670227539791,0.0
2020-06-11,-0.12817391675742626,-0.4333610950947103,-0.10190701945458816,1.0,-0.3513998334294317,-0.12067824118564076,0.0
2020-06-12,-0.13295651615389556,-0.4285224912753977,-0.1062581625880489,1.0,-0.3453015607938853,-0.12794656047273428,0.0
2020-06-15,-0.1344868939523728,-0.4277240020558506,-0.10628319342127805,1.0,-0.34587544971732054,-0.12712009593969506,0.0
2020-06-16,-0.13596369163580313,-0.4221917749566483,-0.10457922116846138,1.0,-0.3484618184153625,-0.12966967095544946,0.0
2020-06-17,-0.13510217181983525,-0.42090510324168184,-0.1052102278806034,1.0,-0.34828287150957526,-0.13022360115545095,0.0
2020-06-18,-0.13401951553539332,-0.4228152015749379,-0.10386886929726953,1.0,-0.34813404091414873,-0.13104510827698365,0.0
2020-06-19,-0.13432069172159916,-0.42297320434894276,-0.10403646948035271,1.0,-0.3478512113688897,-0.13102474103244585,0.0
2020-06-22,-0.1337200590791361,-0.42314360939272644,-0.10803347817710898,1.0,-0.34559154055268965,-0.13005972130059723,0.0
2020-06-23,-0.13381562894629825,-0.42422037199546236,-0.1080028252819931,1.0,-0.3453051090516042,-0.12899980736713682,0.0
2020-06-24,-0.13420663969691132,-0.4245810055865922,-0.10775059397675464,1.0,-0.34542691410346965,-0.12849162011173185,0.0
2020-06-25,-0.13383584230925716,-0.4263474592603696,-0.10597657337416218,1.0,-0.34711664061328934,-0.1280969613910362,0.0
2020-06-26,-0.13393870601589103,-0.42635941147495343,-0.10624718908615853,1.0,-0.3472254941854239,-0.1278778403615103,0.0
2020-06-29,-0.13123168723399706,-0.4262891117907479,-0.10620869602412474,1.0,-0.34610860405928523,-0.12887909831682956,0.0
2020-06-30,-0.1331522901253047,-0.42058332976949064,-0.10802719924731642,1.0,-0.346769020228371,-0.12979515032288413,0.0
2020-07-01,-0.1339522546419098,-0.4206597073671601,-0.10881748951826815,1.0,-0.3461752374433131,-0.12950286643278855,0.0
2020-07-02,-0.13089688208374323,-0.4241478123262478,-0.10784397587784955,1.0,-0.3438475685385569,-0.13175227749026988,0.0
2020-07-06,-0.13077416595380667,-0.4241017964071856,-0.10799828913601368,1.0,-0.3438836612489307,-0.13182207014542344,0.0
2020-07-07,-0.12933153765578573,-0.42523354496675864,-0.10635114046901388,1.0,-0.3443211697556596,-0.13247397336411637,0.0
2020-07-08,-0.1289322961189947,-0.42695332535476155,-0.10651393400581297,1.0,-0.34305009403316805,-0.13166780646264317,0.0
2020-07-09,-0.12685562936540146,-0.4250806331033599,-0.10696969049704168,1.0,-0.3434222611444561,-0.13364803383386378,0.0
2020-07-10,-0.12452999487267134,-0.43056742437190226,-0.10267475645188856,1.0,-0.3435951119466758,-0.13501965475987013,0.0
2020-07-13,-0.12474896380805879,-0.4312054010169637,-0.1025509550057685,1.0,-0.3433320514463958,-0.13468358757424262,0.0
2020-07-14,-0.12168047135172061,-0.4279950473913415,-0.09964990180172487,1.0,-0.34670395354794636,-0.13873708479207583,0.0
2020-07-15,-0.12089791555318012,-0.4293319080705505,-0.10140032068412613,1.0,-0.3475574559059326,-0.13866381614110102,0.0
2020-07-16,-0.12440917937421135,-0.4223966464914345,-0.10319310477575551,1.0,-0.34914558247962874,-0.13955129713198025,0.0
2020-07-17,-0.125,-0.4225701574264203,-0.10333247775496235,1.0,-0.34905458590006844,-0.13901009582477755,0.0
2020-07-20,-0.13140846883178173,-0.4208460251405037,-0.10592475009652924,1.0,-0.3488137629241924,-0.13810116264103997,0.0
2020-07-21,-0.12774857878365334,-0.4213021559583825,-0.1056312345811434,1.0,-0.35040223104151025,-0.14014802102327575,0.0
2020-07-22,-0.11662158100390742,-0.4293872643737387,-0.09916698870711495,1.0,-0.35658465369917125,-0.14517583408476104,0.0
2020-07-23,-0.11712156677475466,-0.42989670796916274,-0.09961990250606653,1.0,-0.3563897180406726,-0.14443704769471943,0.0
2020-07-24,-0.11591806939196153,-0.4304362761937478,-0.09912830642390931,1.0,-0.35602026794915836,-0.14550412229474408,0.0
2020-07-27,-0.1206022595472314,-0.43129000386614547,-0.09764165127368014,1.0,-0.36148459985394565,-0.1368400704497616,0.0
2020-07-28,-0.12425272031310482,-0.43084168422863534,-0.09898498989290784,1.0,-0.36140381058879184,-0.13496193712098403,0.0
2020-07-29,-0.12779298011247334,-0.42804507552088944,-0.10098898967917089,1.0,-0.36000086186464414,-0.13783370321690977,0.0
2020-07-30,-0.12729387438614628,-0.42381752390798655,-0.10140432497630739,1.0,-0.36045059016110964,-0.14090634961661067,0.0
2020-07-31,-0.1229046663646366,-0.4243522533600846,-0.10184885552175696,1.0,-0.3635147671132397,-0.14473712596811425,0.0
2020-08-03,-0.12771240418870777,-0.4212889992443053,-0.10029148224117455,1.0,-0.3658425995897657,-0.14399222714023535,0.0
2020-08-04,-0.12641146879115658,-0.41775158149275643,-0.0991860440011227,1.0,-0.3682017401817907,-0.14748364531381564,0.0
2020-08-05,-0.1256376999567661,-0.41826632079550363,-0.10028102031993083,1.0,-0.36809338521400775,-0.14941634241245136,0.0
2020-08-06,-0.12580533575474553,-0.4196610022916937,-0.09988325334025165,1.0,-0.3680762744843689,-0.14854931465386775,0.0
2020-08-07,-0.1268744040911849,-0.42019155759729565,-0.10318973736673312,1.0,-0.36395943486174914,-0.15272601196151514,0.0
2020-08-10,-0.13511460322972738,-0.4154801180760549,-0.10715836082653238,1.0,-0.36505903802743533,-0.14770359437402325,0.0
2020-08-11,-0.1320140606691837,-0.41826151108796594,-0.10191815301827019,1.0,-0.363472638111357,-0.1541899926224884,0.0
2020-08-12,-0.13449669680111265,-0.4189412378303199,-0.106702016689847,1.0,-0.3636561196105702,-0.14936109179415855,0.0
2020-08-13,-0.1335274180933345,-0.4213522203875901,-0.10339358651255758,1.0,-0.3628660815155992,-0.15147301642478492,0.0
2020-08-14,-0.13504410933901176,-0.4224066750684455,-0.1041675720307679,1.0,-0.36265264438746686,-0.148624570857416,0.0
2020-08-17,-0.13588350358617693,-0.4233427515757444,-0.10412953705716149,1.0,-0.36181264942403824,-0.1482721147576614,0.0
2020-08-18,-0.13716063348416288,-0.42523059519665857,-0.11018534632788027,1.0,-0.3590323703445875,-0.14381743821789073,0.0
2020-08-19,-0.13888163620539598,-0.42591383812010447,-0.10724543080939948,1.0,-0.35681026979982594,-0.1469538729329852,0.0
2020-08-20,-0.1394457868042404,-0.424824223426718,-0.10764274363830297,1.0,-0.3583665295282875,-0.14654215372559265,0.0
2020-08-21,-0.13867183248808307,-0.42493959906841083,-0.10743747687351718,1.0,-0.35844415906666954,-0.1471170798598263,0.0
2020-08-24,-0.13839956450734894,-0.4275231355470876,-0.10972237343494828,1.0,-0.3577572128470332,-0.1440827436037017,0.0
2020-08-25,-0.13811276377969905,-0.42951719331866983,-0.10808162198654152,1.0,-0.35762973932359154,-0.14442823232213248,0.0
2020-08-26,-0.13684967007121235,-0.42953897079640235,-0.10862605892985475,1.0,-0.3579128465341144,-0.144820226921318,0.0
2020-08-27,-0.13571537439850198,-0.43013913384283753,-0.10849826899209615,1.0,-0.3574803492498965,-0.14551353234480807,0.0
2020-08-28,-0.13622324691143206,-0.4242213328693231,-0.10944840786497302,1.0,-0.35616408560988344,-0.14899077779711153,0.0
2020-08-31,-0.1359531736188176,-0.4240485671388472,-0.10971125182235568,1.0,-0.3563766129207738,-0.14985747546619668,0.0
2020-09-01,-0.13549145020232345,-0.424030805377888,-0.10897184875777749,1.0,-0.3576121481094722,-0.14941478484096943,0.0
2020-09-02,-0.13206193189231505,-0.42208498238594355,-0.10894620101770104,1.0,-0.3571304310007393,-0.15437307006480233,0.0
2020-09-03,-0.13459029227557412,-0.4233646485734168,-0.1099295407098121,1.0,-0.3557541753653445,-0.15100904662491302,0.0
2020-09-04,-0.12016535722788564,-0.4257299309568643,-0.09869488994221155,1.0,-0.35950046533774865,-0.16027097807501678,0.0
2020-09-08,-0.1200077927138126,-0.4252657098945819,-0.0984479511656601,1.0,-0.3580968461155486,-0.1628460722557742,0.0
2020-09-09,-0.11968510748734806,-0.4270297158181582,-0.0942514814654613,1.0,-0.3567195812967689,-0.16505904234612223,0.0
2020-09-10,-0.12062063145138602,-0.4258077081214429,-0.09690333470385838,1.0,-0.3572526021942827,-0.16340265304797558,0.0
2020-09-11,-0.1214633618356965,-0.4256521268535556,-0.09721831367031063,1.0,-0.3572897499729408,-0.16313453836995345,0.0
2020-09-14,-0.12137414494761452,-0.4234349294311196,-0.09712962161226081,1.0,-0.357260368863105,-0.16551216555545936,0.0
2020-09-15,-0.12274172959172636,-0.41935134901231097,-0.09476622168372315,1.0,-0.3593111058222809,-0.16744196109824963,0.0
2020-09-16,-0.12320910704237545,-0.4178894515863741,-0.09407869107908064,1.0,-0.3591092065965459,-0.16993464052287582,0.0
2020-09-17,-0.11921661977926855,-0.4199740315948928,-0.09205799610473923,1.0,-0.35838563081584074,-0.17439948063189784,0.0
2020-09-18,-0.11749302053801372,-0.4189192113748999,-0.09292964269482978,1.0,-0.35832233211418185,-0.1765100525894345,0.0
2020-09-21,-0.1174955633467515,-0.4189066355018829,-0.09303986495260355,1.0,-0.35826516036878325,-0.17653551486819893,0.0
2020-09-22,-0.1142157287782884,-0.42508454001560736,-0.09073961675192925,1.0,-0.3587314662273476,-0.17894303303563686,0.0
2020-09-23,-0.1122117218657881,-0.4239422576729669,-0.09207560256632565,1.0,-0.35798508756719266,-0.18129009883821745,0.0
2020-09-24,-0.11382731595058726,-0.4281496276676581,-0.09370183018171555,1.0,-0.35947982023837954,-0.175853759145481,0.0
2020-09-25,-0.11415475518095321,-0.4281835165312595,-0.0927140808967285,1.0,-0.35927792501194766,-0.1779554242516401,0.0
2020-09-28,-0.1123627208403872,-0.42674827451491076,-0.0896167035638321,1.0,-0.35957372921821423,-0.18209836350219213,0.0
2020-09-29,-0.11351902468653738,-0.4248991279448132,-0.08737906199835134,1.0,-0.35956006768189513,-0.18389084125124733,0.0
2020-09-30,-0.11357226537076409,-0.4248492211567666,-0.08690935913567925,1.0,-0.3600902503579641,-0.18405866273267668,0.0
2020-10-01,-0.11354810716997504,-0.4253172795314025,-0.08679900206096104,1.0,-0.3599956611346133,-0.18379433778067036,0.0
2020-10-02,-0.1116778814846972,-0.41834165400477535,-0.08504449750379857,1.0,-0.3657043629259822,-0.18984154547427826,0.0
2020-10-05,-0.10862585152080531,-0.42070551481754676,-0.08204972447607063,1.0,-0.3660780144921248,-0.19204234824489086,0.0
2020-10-06,-0.10965264368314856,-0.4204725434466599,-0.08324835651211734,1.0,-0.3660367533791847,-0.19018897398624462,0.0
2020-10-07,-0.11101702275490707,-0.4186859475421226,-0.08437554281743963,1.0,-0.3677696717040125,-0.18944328643390654,0.0
2020-10-08,-0.11060237826577554,-0.4181494661921708,-0.0835864942279316,1.0,-0.36824060411422616,-0.18937158232792292,0.0
2020-10-09,-0.10864749826268241,-0.4180854760250174,-0.08284833217512162,1.0,-0.36991834607366225,-0.19216904100069493,0.0
2020-10-12,-0.10998197728703885,-0.41821379714676565,-0.08134106355720583,1.0,-0.368249625431568,-0.1936030226043906,0.0
2020-10-13,-0.10807291666666666,-0.41922743055555556,-0.08096788194444446,1.0,-0.3669704861111111,-0.194921875,0.0
2020-10-14,-0.10811162709951826,-0.41860162319343774,-0.08148517859467905,1.0,-0.3677140749099431,-0.19413219912330193,0.0
2020-10-15,-0.10678094824780297,-0.41686014972333735,-0.0820657480742107,1.0,-0.36719105999783014,-0.19702723228816318,0.0
2020-10-16,-0.10700258229715946,-0.41657444176811403,-0.08226460950892954,1.0,-0.36720699607230434,-0.19692728337998827,0.0
2020-10-19,-0.10766360006943239,-0.4182433605276861,-0.08568390904356882,1.0,-0.36632095122374586,-0.19182867557715674,0.0
2020-10-20,-0.10756211348594989,-0.418552674405989,-0.08571118585222957,1.0,-0.36714766192904413,-0.19092980362373874,0.0
2020-10-21,-0.10718392675041766,-0.41745318839636353,-0.0859858100631387,1.0,-0.36759313502137164,-0.19152075332508842,0.0
2020-10-22,-0.10717695044693222,-0.4176646706586826,-0.08637073678729497,1.0,-0.36730886053979,-0.1910526772541873,0.0
2020-10-23,-0.10613785771625697,-0.41828122626977066,-0.08665466143064808,1.0,-0.3667744245080385,-0.19177279729231303,0.0
2020-10-26,-0.10581011889264949,-0.41751280048598455,-0.08689143452225984,1.0,-0.366310856547774,-0.19307038097717608,0.0
2020-10-27,-0.10495259995227456,-0.41840032973946245,-0.08545024621992754,1.0,-0.3681150617176823,-0.1924203310410656,0.0
2020-10-28,-0.10735284545789851,-0.41869345425354193,-0.08622073723720466,1.0,-0.3684884250721399,-0.1888872014059144,0.0
2020-10-29,-0.10559760567351276,-0.4205469648007981,-0.08434362055130235,1.0,-0.37166279901971416,-0.1866230020169598,0.0
2020-10-30,-0.10733506944444444,-0.42074652777777777,-0.0822265625,1.0,-0.3726779513888889,-0.1871310763888889,0.0
2020-11-02,-0.10088042676844342,-0.4171618163681312,-0.08151537494036518,1.0,-0.37409463503491347,-0.19490827080713016,0.0
2020-11-03,-0.09740316136876845,-0.4187293729372937,-0.08235626194198366,1.0,-0.37480458572173003,-0.19799808928261245,0.0
2020-11-04,-0.09875873442992926,-0.4120263877435875,-0.0818323857471464,1.0,-0.37678486176815246,-0.20064233323206457,0.0
2020-11-05,-0.08483641166663057,-0.42030617326721953,-0.07245090184699997,1.0,-0.3778663144447091,-0.20986077127947514,0.0
2020-11-06,-0.0846470333477696,-0.42044174967518405,-0.0721957557384149,1.0,-0.37784755305326984,-0.21030749242096144,0.0
